start=24.000000
pause=yes
volume=66.000000
fullscreen=no
sid=3
