start=27.861000
volume=76.000000
