start=68.250000
pause=yes
volume=70.000000
