start=2.800000
pause=yes
volume=78.000000
