start=46.964000
volume=82.000000
