start=141.724000
volume=64.000000
