start=12.212000
volume=70.000000
