start=72.480000
volume=78.000000
sid=1
