start=9.600000
volume=66.000000
