start=783.222089
volume=50.000000
fullscreen=no
