start=3.704000
pause=yes
volume=90.000000
