start=23.160000
volume=84.000000
