start=60.433000
volume=70.000000
