start=114.960000
volume=72.000000
