start=23.557000
volume=68.000000
