start=150.209000
volume=52.000000
