start=790.665000
volume=68.000000
sid=2
